Name/Better Days
Duration/153
Speed/100
Path/audio.mp3
1,0,0,0
0,0,1,0
1,0,0,0
0,0,1,0
1,0,0,0
0,0,1,0
1,0,0,0
0,0,1,0
1,0,0,0
0,0,1,0
0,1,0,1
0,1,0,1
0,1,0,1
0,1,0,1
0,1,0,1
0,1,0,1
0,1,0,1
0,1,0,1
0,1,0,1
1,0,0,1
0,1,1,0
1,0,0,0
0,0,1,0
1,0,0,0
0,0,1,0
1,0,0,0
0,0,1,0
1,0,0,0
0,0,1,0
1,0,0,0
0,0,1,0
0,1,0,1
0,1,0,1
0,1,0,1
0,1,0,1
0,1,0,1
0,1,0,1
0,1,0,1
0,1,0,1
0,1,0,1
1,0,0,1
0,1,1,0
1,0,0,0
0,0,1,0
1,0,0,0
0,0,1,0
1,0,0,0
0,0,1,0
1,0,0,0
0,0,1,0
1,0,0,0
0,0,1,0
0,1,0,1
0,1,0,1
0,1,0,1
0,1,0,1
0,1,0,1
0,1,0,1
0,1,0,1
0,1,0,1
0,1,0,1
1,0,0,1
0,1,1,0
1,0,0,0
0,0,1,0
1,0,0,0
0,0,1,0
1,0,0,0
0,0,1,0
1,0,0,0
0,0,1,0
1,0,0,0
0,0,1,0
0,1,0,1
0,1,0,1
0,1,0,1
0,1,0,1
0,1,0,1
0,1,0,1
0,1,0,1
0,1,0,1
0,1,0,1
1,0,0,1
0,1,1,0
1,0,0,0
0,0,1,0
1,0,0,0
0,0,1,0
1,0,0,0
0,0,1,0
1,0,0,0
0,0,1,0
1,0,0,0
0,0,1,0
0,1,0,1
0,1,0,1
0,1,0,1
0,1,0,1
0,1,0,1
0,1,0,1
0,1,0,1
0,1,0,1
0,1,0,1
1,0,0,1
0,1,1,0
1,0,0,0
0,0,1,0
1,0,0,0
0,0,1,0
1,0,0,0
0,0,1,0
1,0,0,0
0,0,1,0
1,0,0,0
0,0,1,0
0,1,0,1
0,1,0,1
0,1,0,1
0,1,0,1
0,1,0,1
0,1,0,1
0,1,0,1
0,1,0,1
0,1,0,1
1,0,0,1
0,1,1,0
1,0,0,0
0,0,1,0
1,0,0,0
0,0,1,0
1,0,0,0
0,0,1,0
1,0,0,0
0,0,1,0
1,0,0,0
0,0,1,0
0,1,0,1
0,1,0,1
0,1,0,1
0,1,0,1
0,1,0,1
0,1,0,1
0,1,0,1
0,1,0,1
0,1,0,1
1,0,0,1
0,1,1,0
1,0,0,0
0,0,1,0
1,0,0,0
0,0,1,0
1,0,0,0
0,0,1,0
1,0,0,0
0,0,1,0
1,0,0,0
0,0,1,0
0,1,0,1
0,1,0,1
0,1,0,1
0,1,0,1
0,1,0,1
0,1,0,1
0,1,0,1
0,1,0,1
0,1,0,1
1,0,0,1
0,1,1,0
1,0,0,0
0,0,1,0
1,0,0,0
0,0,1,0
1,0,0,0
0,0,1,0
1,0,0,0
0,0,1,0
1,0,0,0
0,0,1,0
0,1,0,1
0,1,0,1
0,1,0,1
0,1,0,1
0,1,0,1
0,1,0,1
0,1,0,1
0,1,0,1
0,1,0,1
1,0,0,1
0,1,1,0
1,0,0,0
0,0,1,0
1,0,0,0
0,0,1,0
1,0,0,0
0,0,1,0
1,0,0,0
0,0,1,0
1,0,0,0
0,0,1,0
0,1,0,1
0,1,0,1
0,1,0,1
0,1,0,1
0,1,0,1
0,1,0,1
0,1,0,1
0,1,0,1
0,1,0,1
1,0,0,1
0,1,1,0