Name/Better Days
Duration/153
Speed/100
Difficulty/1
Path/audio.ogg
1,0,0,0
0,0,1,0
1,0,0,0
0,0,1,0
1,0,0,0
0,0,1,0
1,0,0,0
0,0,1,0
1,0,0,0
0,0,1,0
0,1,0,1
0,1,0,1
0,1,0,1
0,1,0,1
0,1,0,1
0,1,0,1
0,1,0,1
0,1,0,1
0,1,0,1
1,0,0,1
0,1,1,0
1,0,0,0
0,0,1,0
1,0,0,0
0,0,1,0
1,0,0,0
0,0,1,0
1,0,0,0
0,0,1,0
1,0,0,0
0,0,1,0
0,1,0,1
0,1,0,1
0,1,0,1
0,1,0,1
0,1,0,1
0,1,0,1
0,1,0,1
0,1,0,1
0,1,0,1
1,0,0,1
0,1,1,0
1,0,0,0
0,0,1,0
1,0,0,0
0,0,1,0
1,0,0,0
0,0,1,0
1,0,0,0
0,0,1,0
1,0,0,0
0,0,1,0
0,1,0,1
0,1,0,1
0,1,0,1
0,1,0,1
0,1,0,1
0,1,0,1
0,1,0,1
0,1,0,1
0,1,0,1
1,0,0,1
0,1,1,0
1,0,0,0
0,0,1,0
1,0,0,0
0,0,1,0
1,0,0,0
0,0,1,0
1,0,0,0
0,0,1,0
1,0,0,0
0,0,1,0
0,1,0,1
0,1,0,1
0,1,0,1
0,1,0,1
0,1,0,1
0,1,0,1
0,1,0,1
0,1,0,1
0,1,0,1
1,0,0,1
0,1,1,0
1,0,0,0
0,0,1,0
1,0,0,0
0,0,1,0
1,0,0,0
0,0,1,0
1,0,0,0
0,0,1,0
1,0,0,0
0,0,1,0